3 0.239792 0.391934 0.290318 0.277456
0 0.557085 0.784669 0.085940 0.161702
5 0.158246 0.357260 0.047102 0.066478
9 0.553257 0.554918 0.224305 0.559605
1 0.583337 0.525240 0.046776 0.102300
4 0.243550 0.681946 0.139446 0.230412
5 0.222332 0.436181 0.038990 0.066397
11 0.828337 0.547039 0.316898 0.393772
5 0.145981 0.441409 0.046830 0.069273
5 0.245562 0.336434 0.041358 0.052831
5 0.314538 0.444252 0.045524 0.058796
5 0.296511 0.329799 0.039011 0.054820
1 0.525139 0.542752 0.048268 0.097103
6 0.833477 0.445701 0.111692 0.166998
5 0.201087 0.402157 0.042548 0.057923
5 0.275117 0.408764 0.039703 0.054375
5 0.206192 0.299961 0.040020 0.055569
2 0.606201 0.317406 0.059453 0.148236
